-0.075000,0.075000
-0.225000,0.075000
-0.375000,0.075000
-0.525000,0.075000
-0.675000,0.075000
-0.825000,0.075000
-0.975000,0.075000
-1.125000,0.075000
-1.275000,0.075000
-1.425000,0.075000
-1.575000,0.075000
-1.725000,0.075000
-1.875000,0.075000
-2.025000,0.075000
-2.175000,0.075000
-2.325000,0.075000
-2.475000,0.075000
-2.625000,0.075000
-2.775000,0.075000
-2.925000,0.075000
-3.075000,0.075000
-3.225000,0.075000
-3.375000,0.075000
-3.525000,0.075000
-3.675000,0.075000
-3.825000,0.075000
-3.975000,0.075000
-4.125000,0.075000
-4.275000,0.075000
-4.425000,0.075000
-0.075000,0.225000
-4.425000,0.225000
-0.075000,0.375000
-4.425000,0.375000
-0.075000,0.525000
-4.425000,0.525000
-0.075000,0.675000
-4.425000,0.675000
-0.075000,0.825000
-4.425000,0.825000
-0.075000,0.975000
-4.425000,0.975000
-0.075000,1.125000
-4.425000,1.125000
-0.075000,1.275000
-4.425000,1.275000
-0.075000,1.425000
-4.425000,1.425000
-0.075000,1.575000
-4.425000,1.575000
-0.075000,1.725000
-4.425000,1.725000
-0.075000,1.875000
-4.425000,1.875000
-0.075000,2.025000
-4.425000,2.025000
-0.075000,2.175000
-4.425000,2.175000
-0.075000,2.325000
-4.425000,2.325000
-0.075000,2.475000
-4.425000,2.475000
-0.075000,2.625000
-4.425000,2.625000
-0.075000,2.775000
-4.425000,2.775000
-0.075000,2.925000
-4.425000,2.925000
-0.075000,3.075000
-4.425000,3.075000
-0.075000,3.225000
-4.425000,3.225000
-0.075000,3.375000
-4.425000,3.375000
-0.075000,3.525000
-4.425000,3.525000
-0.075000,3.675000
-4.425000,3.675000
-0.075000,3.825000
-4.425000,3.825000
-0.075000,3.975000
-4.425000,3.975000
-0.075000,4.125000
-4.425000,4.125000
-0.075000,4.275000
-4.425000,4.275000
-0.075000,4.425000
-4.425000,4.425000
-0.075000,4.575000
-4.425000,4.575000
-0.075000,4.725000
-4.425000,4.725000
-0.075000,4.875000
-4.425000,4.875000
-0.075000,5.025000
-4.425000,5.025000
-4.425000,5.175000
-4.425000,5.325000
-4.425000,5.475000
-4.425000,5.625000
-4.425000,5.775000
-4.425000,5.925000
-4.425000,6.075000
-4.425000,6.225000
-4.425000,6.375000
-4.425000,6.525000
-4.425000,6.675000
-4.425000,6.825000
-4.425000,6.975000
-4.425000,7.125000
-4.425000,7.275000
-4.425000,7.425000
-4.425000,7.575000
-4.425000,7.725000
-4.425000,7.875000
-4.425000,8.025000
-4.425000,8.175000
-4.425000,8.325000
-4.425000,8.475000
-4.425000,8.625000
-4.425000,8.775000
-4.425000,8.925000
-4.425000,9.075000
-4.425000,9.225000
-4.425000,9.375000
-4.425000,9.525000
-4.275000,5.475000
-4.275000,5.625000
-4.275000,9.375000
-4.275000,9.525000
-4.125000,5.625000
-4.125000,6.525000
-4.125000,6.675000
-4.125000,6.825000
-4.125000,6.975000
-4.125000,9.375000
-3.975000,5.625000
-3.975000,6.375000
-3.975000,6.525000
-3.975000,6.975000
-3.975000,7.125000
-3.975000,8.475000
-3.975000,8.625000
-3.975000,8.775000
-3.975000,8.925000
-3.975000,9.225000
-3.975000,9.375000
-3.825000,5.475000
-3.825000,5.625000
-3.825000,6.075000
-3.825000,6.225000
-3.825000,6.375000
-3.825000,7.125000
-3.825000,7.275000
-3.825000,8.475000
-3.825000,8.925000
-3.825000,9.225000
-3.675000,5.325000
-3.675000,5.475000
-3.675000,6.075000
-3.675000,7.275000
-3.675000,7.425000
-3.675000,7.575000
-3.675000,7.725000
-3.675000,8.475000
-3.675000,8.925000
-3.675000,9.075000
-3.675000,9.225000
-3.525000,5.475000
-3.525000,5.925000
-3.525000,6.075000
-3.525000,7.725000
-3.525000,7.875000
-3.525000,8.025000
-3.525000,8.475000
-3.525000,9.075000
-3.375000,5.475000
-3.375000,5.775000
-3.375000,5.925000
-3.375000,8.025000
-3.375000,8.175000
-3.375000,8.475000
-3.375000,8.625000
-3.225000,5.325000
-3.225000,5.475000
-3.225000,5.775000
-3.225000,6.825000
-3.225000,6.975000
-3.225000,7.125000
-3.225000,7.275000
-3.225000,8.175000
-3.225000,8.325000
-3.225000,8.625000
-3.225000,8.775000
-3.075000,5.175000
-3.075000,5.325000
-3.075000,5.625000
-3.075000,5.775000
-3.075000,6.675000
-3.075000,6.825000
-3.075000,6.975000
-3.075000,7.125000
-3.075000,7.275000
-3.075000,8.325000
-3.075000,8.475000
-3.075000,8.775000
-3.075000,8.925000
-3.075000,9.375000
-2.925000,5.175000
-2.925000,5.325000
-2.925000,5.625000
-2.925000,6.975000
-2.925000,7.125000
-2.925000,8.175000
-2.925000,8.475000
-2.925000,8.625000
-2.925000,8.775000
-2.925000,8.925000
-2.925000,9.075000
-2.925000,9.375000
-2.925000,9.525000
-2.775000,5.325000
-2.775000,5.475000
-2.775000,5.625000
-2.775000,7.125000
-2.775000,8.025000
-2.775000,8.175000
-2.775000,8.625000
-2.775000,9.375000
-2.625000,7.125000
-2.625000,7.275000
-2.475000,5.775000
-2.475000,5.925000
-2.475000,6.975000
-2.475000,7.125000
-2.325000,5.775000
-2.325000,6.975000
-2.325000,7.125000
-2.325000,9.225000
-2.175000,6.675000
-2.175000,7.125000
-2.175000,9.225000
-2.175000,9.375000
-2.025000,6.525000
-2.025000,6.675000
-2.025000,6.825000
-2.025000,9.225000
-1.125000,6.225000
-0.975000,6.225000
-0.975000,6.375000
-0.975000,7.275000
-0.975000,7.425000
-0.975000,7.575000
-0.825000,6.225000
-0.825000,7.425000
-0.675000,5.325000
-0.675000,5.925000
-0.675000,6.075000
-0.675000,6.225000
-0.675000,6.375000
-0.675000,8.175000
-0.675000,8.325000
-0.525000,5.175000
-0.525000,5.325000
-0.525000,5.925000
-0.525000,6.375000
-0.525000,8.175000
-0.525000,8.325000
-0.375000,5.325000
-0.375000,5.475000
-0.375000,5.775000
-0.375000,5.925000
-0.375000,6.375000
-0.375000,7.575000
-0.375000,8.175000
-0.375000,8.325000
-0.375000,8.475000
-0.225000,5.325000
-0.225000,5.475000
-0.225000,5.625000
-0.225000,5.775000
-0.225000,6.375000
-0.225000,6.525000
-0.225000,7.425000
-0.225000,7.575000
-0.225000,7.725000
-0.225000,7.875000
-0.225000,8.025000
-0.225000,8.175000
-0.225000,8.475000
-0.225000,8.625000
-0.225000,8.775000
-0.225000,9.375000
-0.075000,5.175000
-0.075000,5.325000
-0.075000,5.475000
-0.075000,5.625000
-0.075000,5.775000
-0.075000,5.925000
-0.075000,6.075000
-0.075000,6.225000
-0.075000,6.375000
-0.075000,6.525000
-0.075000,6.675000
-0.075000,6.825000
-0.075000,6.975000
-0.075000,7.125000
-0.075000,7.275000
-0.075000,7.425000
-0.075000,7.575000
-0.075000,7.725000
-0.075000,7.875000
-0.075000,8.025000
-0.075000,8.175000
-0.075000,8.325000
-0.075000,8.475000
-0.075000,8.625000
-0.075000,8.775000
-0.075000,8.925000
-0.075000,9.075000
-0.075000,9.225000
-0.075000,9.375000
-0.075000,9.525000
-0.075,10.225
-4.425,10.225
-0.075,10.375
-4.425,10.375
-0.075,10.525
-4.425,10.525
-0.075,10.675
-4.425,10.675
-0.075,10.825
-4.425,10.825
-0.075,10.975
-4.425,10.975
-0.075,11.125
-4.425,11.125
-0.075,11.275
-4.425,11.275
-0.075,11.425
-4.425,11.425
-0.075,11.575
-4.425,11.575
-0.075,11.725
-4.425,11.725
-0.075,11.875
-4.425,11.875
-0.075,12.025
-4.425,12.025
-0.075,12.175
-4.425,12.175
-0.075,12.325
-4.425,12.325
-0.075,12.475
-4.425,12.475
-0.075,12.625
-4.425,12.625
-0.075,12.775
-4.425,12.775
-0.075,12.925
-4.425,12.925
-0.075,13.075
-4.425,13.075
-0.075,13.225
-4.425,13.225
-0.075,13.375
-4.425,13.375
-0.075,13.525
-4.425,13.525
-0.075,13.675
-4.425,13.675
-0.075,13.825
-4.425,13.825
-0.075,13.975
-4.425,13.975
-0.075,14.125
-4.425,14.125
-0.075,14.275
-4.425,14.275
-0.075,14.425
-4.425,14.425
-0.075,14.575
-4.425,14.575
-0.075,14.725
-4.425,14.725
-0.075,14.875
-4.425,14.875
-0.075,15.025
-4.425,15.025
-4.425,15.175
-4.425,15.325
-4.425,15.475
-4.425,15.625
-4.425,15.775
-4.425,15.925
-4.425,16.075
-4.425,16.225
-4.425,16.375
-4.425,16.525
-4.425,16.675
-4.425,16.825
-4.425,16.975
-4.425,17.125
-4.425,17.275
-4.425,17.425
-4.425,17.575
-4.425,17.725
-4.425,17.875
-4.425,18.025
-4.425,18.175
-4.425,18.325
-4.425,18.475
-4.425,18.625
-4.425,18.775
-4.425,18.925
-4.425,19.075
-4.425,19.225
-4.425,19.375
-4.425,19.525
-4.275,15.325
-4.275,16.975
-4.275,17.125
-4.275,18.775
-4.275,18.925
-4.275,19.075
-4.275,19.225
-4.275,19.375
-4.125,15.325
-4.125,15.475
-4.125,15.625
-4.125,15.775
-4.125,15.925
-4.125,16.075
-4.125,16.225
-4.125,16.375
-4.125,16.525
-4.125,16.675
-4.125,16.825
-4.125,16.975
-3.975,15.625
-3.975,15.775
-3.975,16.825
-3.825,17.875
-3.825,18.025
-3.675,15.175
-3.675,15.325
-3.675,17.875
-3.675,18.025
-3.675,18.175
-3.675,18.325
-3.525,15.175
-3.525,15.325
-3.525,15.475
-3.525,16.525
-3.525,17.125
-3.525,18.025
-3.525,18.175
-3.375,15.625
-3.375,16.525
-3.375,16.675
-3.375,16.825
-3.375,16.975
-3.375,17.125
-3.375,18.025
-3.375,18.175
-3.375,19.375
-3.225,16.525
-3.225,16.975
-3.225,19.375
-3.225,19.525
-3.075,15.325
-3.075,15.475
-3.075,15.925
-3.075,16.525
-3.075,16.675
-3.075,16.975
-3.075,19.525
-2.925,15.475
-2.925,15.625
-2.925,15.775
-2.925,15.925
-2.925,16.675
-2.925,16.825
-2.925,16.975
-2.775,15.625
-2.775,15.925
-2.775,16.075
-2.775,16.825
-2.775,16.975
-2.775,17.125
-2.775,19.375
-2.625,15.475
-2.625,15.625
-2.625,16.075
-2.625,16.225
-2.625,16.975
-2.625,19.075
-2.625,19.225
-2.625,19.375
-2.475,15.625
-2.475,15.775
-2.475,15.925
-2.475,16.075
-2.475,16.225
-2.475,19.075
-2.475,19.225
-2.325,16.225
-2.325,16.375
-2.325,16.675
-2.325,17.275
-2.325,17.425
-2.175,16.525
-2.175,16.675
-2.175,16.825
-2.175,16.975
-2.175,17.125
-2.175,17.275
-2.175,17.425
-2.025,16.675
-2.025,16.825
-2.025,16.975
-2.025,17.125
-2.025,17.275
-2.025,18.625
-1.875,16.825
-1.875,16.975
-1.875,18.475
-1.875,18.625
-1.875,18.775
-1.725,18.475
-1.725,18.775
-1.575,18.475
-1.575,18.775
-1.575,18.925
-1.425,18.475
-1.425,18.625
-1.425,18.775
-1.425,18.925
-1.425,19.075
-1.275,18.775
-1.275,18.925
-1.275,19.075
-1.275,19.225
-1.275,19.375
-1.125,18.925
-1.125,19.075
-1.125,19.225
-1.125,19.375
-0.975,15.925
-0.975,17.425
-0.975,18.025
-0.975,18.175
-0.825,15.475
-0.825,15.625
-0.825,15.775
-0.825,15.925
-0.825,17.275
-0.825,17.425
-0.825,18.025
-0.825,18.175
-0.825,18.325
-0.675,15.625
-0.675,15.775
-0.675,15.925
-0.675,17.125
-0.675,17.275
-0.675,17.875
-0.675,18.025
-0.675,18.325
-0.675,18.475
-0.675,19.075
-0.675,19.225
-0.525,15.625
-0.525,15.775
-0.525,16.525
-0.525,16.975
-0.525,17.125
-0.525,17.275
-0.525,18.025
-0.525,18.475
-0.525,18.625
-0.525,18.775
-0.525,18.925
-0.525,19.075
-0.525,19.225
-0.525,19.375
-0.525,19.525
-0.375,15.475
-0.375,15.625
-0.375,15.775
-0.375,16.375
-0.375,16.525
-0.375,16.675
-0.375,16.825
-0.375,16.975
-0.375,17.275
-0.375,18.025
-0.375,19.525
-0.225,15.175
-0.225,15.325
-0.225,15.475
-0.225,15.775
-0.225,15.925
-0.225,16.225
-0.225,16.375
-0.225,17.275
-0.225,17.425
-0.225,17.875
-0.225,18.025
-0.225,19.525
-0.075,15.175
-0.075,15.325
-0.075,15.475
-0.075,15.625
-0.075,15.775
-0.075,15.925
-0.075,16.075
-0.075,16.225
-0.075,16.375
-0.075,16.525
-0.075,16.675
-0.075,16.825
-0.075,16.975
-0.075,17.125
-0.075,17.275
-0.075,17.425
-0.075,17.575
-0.075,17.725
-0.075,17.875
-0.075,18.025
-0.075,18.175
-0.075,18.325
-0.075,18.475
-0.075,18.625
-0.075,18.775
-0.075,18.925
-0.075,19.075
-0.075,19.225
-0.075,19.375
-0.075,19.525
